0.00664830844824	0.87563167999   	0.0818682895584 	0.0117225133476 	0.0241292086557
0.0239289424468 	0.753666852428  	0.124809915495  	0.0368040632615 	0.060790226369 
0.0207839698984 	0.778033300664  	0.11472163136   	0.0322881180401 	0.0541729800376
0.00624117792303	0.91705648059   	0.0476793839825 	0.0102571101448 	0.0187658473597
0.00425533321635	0.936587943566  	0.0382990452817 	0.0071733632389 	0.0136843146967
0.0171408878283 	0.277470221133  	0.584697658686  	0.0339286985948 	0.086762533758 
0.0176356915816 	0.329289624593  	0.532374942058  	0.0345085964525 	0.0861911453147
0.016816239536  	0.25798112588   	0.605424807222  	0.0334376922495 	0.0863401351126
0.0150002191626 	0.610870378446  	0.283080309581  	0.0278863687506 	0.0631627240595
0.0160964480645 	0.553765143624  	0.330291537772  	0.0302060871278 	0.0696407834126
0.0082689210033 	0.054373428958  	0.862477862309  	0.0180094656306 	0.0568703220993
0.0753843484316 	0.467114306321  	0.214401766334  	0.101903023556  	0.141196555357 
0.0111353901707 	0.094964667186  	0.801749321666  	0.0234589354118 	0.0686916855655
0.0572723647582 	0.546492756486  	0.196824029229  	0.0808684708923 	0.118542378635 
0.0176817755489 	0.402748794592  	0.463035590108  	0.0340390035673 	0.0824948361835
0.0541091323522 	0.562023386029  	0.19279130341   	0.0769979202198 	0.114078257989 
0.00521152317899	0.912907964203  	0.0550381335227 	0.00899343098699	0.0178489481085
0.00624651100264	0.88473234888   	0.0755215742381 	0.0109858134679 	0.0225137524109
0.0276394480989 	0.725485006797  	0.13635811358   	0.0420795362594 	0.0684378952648
0.00608196809427	0.889474816466  	0.0720247854599 	0.0106657043245 	0.0217527256549
0.0425261629491 	0.625809799412  	0.173424882762  	0.0622773582427 	0.0959617966343
0.0120440697549 	0.727169632628  	0.191024782441  	0.0219321588706 	0.0478293563053
0.0287436048998 	0.716282564798  	0.140527631214  	0.0436430040159 	0.0708031950719
0.0175219188002 	0.328627546353  	0.534000228584  	0.034262864365  	0.0855874418983
0.0477160616585 	0.595180334439  	0.183527394181  	0.0690104151915 	0.10456579453  
0.0172290232072 	0.467900299177  	0.404305704677  	0.032802254854  	0.0777627180846
0.0520740496362 	0.572114024615  	0.190154056481  	0.0744897665672 	0.111168102701 
0.00422638859311	0.928410447741  	0.0454648568787 	0.00731601594573	0.0145822908416
0.0435288231196 	0.619796686769  	0.17543700531   	0.0635878720676 	0.0976496127334
0.00360754465444	0.945438863143  	0.0331496168085 	0.00610233811083	0.0117016372834
0.0563858446302 	0.549831523535  	0.196438583479  	0.0798294587545 	0.117514589601 
0.00360368750689	0.946054152645  	0.032637419961  	0.00608282588128	0.0116219140062
0.0506929986303 	0.579096222274  	0.188282230134  	0.072774580925  	0.109153968037 
0.00420314034651	0.939521345431  	0.0359922727347 	0.00703333461669	0.0132499068711
0.0546259699025 	0.558997888826  	0.193809578427  	0.0776523695366 	0.114914193307 
0.00456158498431	0.935127106464  	0.03841762868   	0.00761266579292	0.0142810140787
0.0490327411713 	0.588435317751  	0.185346814056  	0.0706629901281 	0.106522136893 
0.0142053633415 	0.835904408074  	0.0882844797592 	0.0225440967623 	0.0390616520627
0.0315915366094 	0.696616629566  	0.147953378177  	0.0475803350222 	0.0762581206253
0.0143984815865 	0.834831823948  	0.088537300743  	0.0228152375383 	0.039417156184 
0.029029262729  	0.714774584311  	0.14090010919   	0.0440246460183 	0.0712713977521
0.00740029920899	0.904997018996  	0.0537391321016 	0.0120691492111 	0.0217944004826
0.00518739633371	0.929419266167  	0.0409875605251 	0.00857643245315	0.0158293445214
0.00794856644088	0.899073355795  	0.0568062250088 	0.0129269241121 	0.0232449286429
0.00359981167889	0.946704472206  	0.0320965282875 	0.00606238973921	0.0115367980882
0.00430047612049	0.926500948156  	0.0468316218223 	0.00745789091637	0.0149090629848
0.0068514524215 	0.910951159595  	0.0506524346483 	0.01120862398   	0.020336329355 
0.00418421692594	0.940325604876  	0.0353786530219 	0.0069887717444 	0.0131227534322
0.00755574521989	0.852297742062  	0.0986850669904 	0.0134313620759 	0.0280300836518
0.0127654573031 	0.850494409744  	0.0809407362218 	0.0203487396969 	0.0354506570339
0.00643015650836	0.915332744724  	0.0484628847432 	0.0105465488022 	0.0192276652222
0.00492204522546	0.913494723619  	0.0556934371652 	0.00858007940858	0.0173097145821
0.0174324213511 	0.807651287898  	0.101080447767  	0.0273420469479 	0.0464937960362
0.0294868749533 	0.711498225317  	0.142183201079  	0.0446620163808 	0.0721696822694
0.0101673444965 	0.874813056888  	0.0694755257433 	0.0164002235736 	0.0291438492984
0.0134652744159 	0.843719841194  	0.08425359216   	0.0214057149381 	0.0371555772925
0.0121751882161 	0.85583968215   	0.0784990763369 	0.0194514591897 	0.0340345941073
0.0421688087491 	0.625268906324  	0.174712271551  	0.0619370554133 	0.0959129579626
0.0210476044355 	0.77626593851   	0.115346779021  	0.0326577716308 	0.0546819064032
0.0143689667873 	0.834955783043  	0.0885337918449 	0.0227743952498 	0.0393670630751
0.00884465052851	0.889391235371  	0.0618257995475 	0.0143270551424 	0.025611259411 
0.121442746666  	0.00700102808257	0.0184064807389 	0.791409361486  	0.0617403830272
0.00526493284289	0.928214875843  	0.0417357592922 	0.00870535539937	0.016079076623 
0.00521250211875	0.928017617756  	0.0420910922854 	0.00864156601926	0.0160372218201
0.251051112853  	0.00936045711407	0.0234502927053 	0.644888942121  	0.0712491952061
0.00686609717502	0.910339259854  	0.0511323252202 	0.0112379409322 	0.0204243768186
0.058839766667  	0.0127751726325 	0.0428965960642 	0.621866916268  	0.263621548368 
0.0222245763595 	0.766068288713  	0.11998809716   	0.0343826640968 	0.0573363736711
0.43373408822   	0.0100790095799 	0.0242006057656 	0.464124438974  	0.067861857461 
0.0255822096954 	0.739808246103  	0.131016331225  	0.0391887429591 	0.0644044700175
0.0714223867309 	0.00557942531523	0.0152920231705 	0.851714792202  	0.0559913725812
0.0123236954987 	0.853329200814  	0.080079864837  	0.0197082694511 	0.0345589693987
0.0530363392582 	0.00863077659761	0.0270215350657 	0.77457456489   	0.136736784188 
0.039354861296  	0.015013532563  	0.060316501784  	0.238360909006  	0.646954195351 
0.0054741561533 	0.924902047973  	0.0437861808601 	0.00906143274982	0.0167761822634
0.0536688857825 	0.00514519670289	0.0145602735986 	0.869307574061  	0.0573180698549
0.00551625844107	0.924241444977  	0.044192687848  	0.00913325726648	0.0169163514673
0.0481049054461 	0.00597177513603	0.0176897257649 	0.850614548016  	0.0776190456369
0.014085835407  	0.0104160940476 	0.0572174175225 	0.0559346008536 	0.862346052169 
0.00503323511948	0.929547976316  	0.0414393684612 	0.00836942178307	0.0156099983199
0.0656927673533 	0.00542013914444	0.0149805532777 	0.858055054118  	0.055851486107 
0.0225897821302 	0.031481387631  	0.282735818229  	0.0688607033093 	0.594332308701 
0.0108165401587 	0.86826558491   	0.0727284035104 	0.0174001560445 	0.0307893153759
0.0556751351222 	0.00978682860094	0.0312052836151 	0.73797398164   	0.165358771022 
0.0132331920717 	0.128479526783  	0.752988413476  	0.0275014254071 	0.0777974422622
0.00400848561478	0.940361107571  	0.0359955252304 	0.00675559812188	0.0128792834623
0.0590256137288 	0.0131475546981 	0.0444654993984 	0.604594462006  	0.278766870169 
0.0129824225484 	0.693025230541  	0.217628774539  	0.0238064739556 	0.0525570984153
0.00440826461717	0.936357581666  	0.0379315576346 	0.00738098195604	0.0139216141267
0.0592716680278 	0.00522069066819	0.0145689273889 	0.865360203545  	0.0555785103699
0.00801366075121	0.840918535251  	0.106834916889  	0.0142834025094 	0.0299494845997
0.00899882069305	0.820109015521  	0.121111355356  	0.016050251209  	0.0337305572212
0.0176491075697 	0.017353701766  	0.114142353353  	0.061389963796  	0.789464873516 
0.0113870365389 	0.746364655185  	0.176600603344  	0.0207021278085 	0.0449455771238
0.00730616154185	0.0428796479433 	0.880767941922  	0.0161517547375 	0.0528944938557
0.0144682730932 	0.0100702709765 	0.0533304490471 	0.0592923029426 	0.862838703941 
0.0082478434722 	0.835203530539  	0.110865300132  	0.0147278856954 	0.030955440161 
0.0164012428874 	0.238488414656  	0.626957400149  	0.0327506848633 	0.0854022574438
0.0147735744358 	0.0101532014601 	0.0532960258518 	0.0609423499302 	0.860834848322 
0.00793223201309	0.843332340849  	0.104993048618  	0.0141358408086 	0.0296065377109
0.0168300957856 	0.261057060924  	0.602536206712  	0.0334271906497 	0.0861494459287
0.0488261081809 	0.0161994096759 	0.0613483713042 	0.332803119823  	0.540822991016 
0.00936245449709	0.808228635778  	0.129982617738  	0.0168071839391 	0.035619108048 
0.0082659249545 	0.0299678289163 	0.86330726325   	0.0197423466388 	0.0787166362406
0.0188607264172 	0.0418242533993 	0.616192253044  	0.0502852409689 	0.272837526171 
0.00979323153339	0.879658466263  	0.0667056155749 	0.0157960342523 	0.0280466523768
0.0229054096883 	0.036396858873  	0.375730940957  	0.0669059544459 	0.498060836036 
0.0478953566288 	0.00570499818762	0.0167407806037 	0.857709923587  	0.0719489409934
0.00415764227633	0.940655633874  	0.0351912342314 	0.00694672069204	0.0130487689259
0.0189043820491 	0.0205177645361 	0.147923863218  	0.06309134978   	0.749562640417 
0.0583890163171 	0.0118745694496 	0.039100195477  	0.663152276278  	0.227483942479 
0.00375531157321	0.945126150218  	0.0328434051904 	0.00631320532157	0.0119619276971
0.0143114289003 	0.0115994247641 	0.0677551139397 	0.0542047215434 	0.852129310853 
0.0507639563682 	0.00527078066972	0.0151082749302 	0.867570708448  	0.0612862795837
0.00443710170545	0.937952014882  	0.036457587954  	0.0073843463784 	0.0137689490799
0.0500077984739 	0.00719395898254	0.0219426561821 	0.817181697782  	0.10367388858  
0.0549476894778 	0.00951533410712	0.0302063229402 	0.746787834716  	0.158542818759 
0.00338944748272	0.945937868958  	0.0335434971967 	0.00579999002084	0.0113291963416
0.0591954460549 	0.00517614787425	0.0144286828642 	0.866267308243  	0.054932414964 
0.017212719119  	0.0101264962206 	0.0491584373585 	0.0774535048963 	0.846048842406 
0.00335206740003	0.946899269925  	0.0328569566205 	0.00572842584998	0.0111632802043
0.0428408714076 	0.0154231678218 	0.060645233077  	0.272565723509  	0.608525004185 
0.00531873029405	0.904386364395  	0.0620411772729 	0.00931666194738	0.0189370660909
0.124528670214  	0.0070785309271 	0.0185776970714 	0.787727446173  	0.0620876556139
0.0335091099126 	0.0140111088261 	0.058337299176  	0.189343578841  	0.704798903244 
0.00394335453218	0.940445133662  	0.0361669125819 	0.00666687150585	0.0127777277182
0.0482283369859 	0.00620239724681	0.0184916056779 	0.844580076606  	0.082497583483 
0.00464200881174	0.919024419428  	0.0519844492544 	0.00808258675988	0.0162665357455
0.0563316291938 	0.0152419333745 	0.0544758533884 	0.469692192049  	0.404258391995 
0.0496470184725 	0.00521595866164	0.0149848634618 	0.869010632503  	0.0611415269009
0.0538324231342 	0.00506861452854	0.0142909318854 	0.870926178333  	0.0558818521193
0.0495909941591 	0.00698598075102	0.0212142759252 	0.823115978405  	0.0990927707601
0.00337401810473	0.946144923763  	0.0334205332326 	0.00577560815874	0.0112849167414
0.0492403885471 	0.0052842681581 	0.015241058825  	0.867494499701  	0.0627397847687
0.795368066383  	0.00604707020402	0.0135053276484 	0.151756250866  	0.0333232848988
0.00363695553826	0.940252320223  	0.037494752296  	0.00626153849253	0.0123544334506
0.853257171521  	0.00826399709439	0.0162185089737 	0.0895566200215 	0.0327037023893
0.0569769862423 	0.0109087426302 	0.0354562075986 	0.697778344287  	0.198879719242 
0.892702096878  	0.00383409032028	0.00828553472131	0.075812237655  	0.019366040425 
0.00329291762601	0.948840562867  	0.0314171665483 	0.00560344614451	0.0108459068141
0.0564524812905 	0.0152545152676 	0.0545354166314 	0.469754219769  	0.404003367042 
0.882631734346  	0.00408492078738	0.00886965886593	0.0835209251785 	0.0208927608218
0.00347512306207	0.943737018782  	0.0351140184447 	0.00596439325972	0.0117094464512
0.05846081648   	0.0142790430321 	0.0494753727914 	0.543752606793  	0.334032160904 
0.857942338992  	0.00467621738792	0.0102525373702 	0.102587023751  	0.0245418824988
0.00340682456694	0.949219483298  	0.0306610064754 	0.00574765328139	0.010965032378 
0.902443087402  	0.00481527190109	0.00974476040681	0.0624285750728 	0.0205683052168
0.00723780526434	0.0410182075946 	0.882202419853  	0.0161039731586 	0.0534375941296
0.00327765263899	0.948596191142  	0.0316818724144 	0.00558945614532	0.0108548276596
0.193136541436  	0.00853863794793	0.021744957866  	0.708173691831  	0.0684061709191
0.0114861366427 	0.101220738758  	0.793065202743  	0.0241235715567 	0.0701043503001
0.00350847709663	0.948039423293  	0.0312935671452 	0.00590990414347	0.0112486283218
0.763048736796  	0.00665435730111	0.0149761943197 	0.177862114771  	0.037458596812 
0.00459865137457	0.936093385758  	0.0374612940284 	0.00763840014801	0.0142082686911
0.00780602413974	0.0489762216779 	0.871307590462  	0.0171036646281 	0.0548064990922
0.812403270636  	0.00568743146969	0.0126467210021 	0.138281742781  	0.030980834111 
0.00381082011527	0.936561421318  	0.0400196709093 	0.00657622388826	0.0130318637687
0.00762817930823	0.0453720855308 	0.875612312528  	0.0168036670138 	0.0545837556196
0.857827897352  	0.00467626785551	0.0102560134757 	0.102685049805  	0.0245547715121
0.0109402659175 	0.0908905494831 	0.807117221297  	0.0230939410045 	0.0679580222982
0.00429517707965	0.926425154371  	0.0469008454797 	0.0074571288417 	0.0149216942275
0.918488652289  	0.00372345420522	0.00766634813942	0.0535191359469 	0.0166024094196
0.00399299524718	0.942777258218  	0.0339738821703 	0.00668296634743	0.0125728980169
0.00748426397975	0.0448746028678 	0.877551134562  	0.016492930231  	0.0535970683598
0.902610639053  	0.0048026352787 	0.00972321633215	0.0623348680465 	0.02052864129  
0.00726483062457	0.0288653375885 	0.881116440888  	0.0171128466442 	0.0656405442542
0.0114989192942 	0.862720316212  	0.0750419709356 	0.0184140906167 	0.0323247029411
0.923408841169  	0.00334303208868	0.00694791663597	0.0510311418717 	0.0152690682349
0.00823448381791	0.05405532875   	0.863087703225  	0.0179390335474 	0.05668345066  
0.0114068134781 	0.863727124757  	0.0745018275109 	0.0182747667416 	0.0320894675124
0.922169305878  	0.00316061165621	0.00666540907816	0.0530191228373 	0.0149855505503
0.00673290162403	0.871959655196  	0.0847341567579 	0.01191566123   	0.0246576251916
0.00509717605   	0.930498825444  	0.0403933529397 	0.00843300746568	0.0155776381005
0.00895192121919	0.0629891874346 	0.849145351012  	0.0193026703865 	0.0596108699475
0.92382359035   	0.00325357063736	0.00679339299289	0.0510962457054 	0.0150332003146
0.00602078088106	0.920131218892  	0.0458549444328 	0.00989728003123	0.018095775763 
0.00686158321825	0.0377388852669 	0.888734994602  	0.0153174821465 	0.051347054766 
0.924075518559  	0.0032394519166 	0.00676469738801	0.0509458770238 	0.0149744551123
0.0085005119189 	0.892840098264  	0.0601263620368 	0.01379533888   	0.0247376889003
0.00646949229655	0.0304665872002 	0.89569220182   	0.0147883406471 	0.0525833780363
0.921485072537  	0.00317517975308	0.00670263650956	0.0535479638317 	0.0150891473689
0.00349783034445	0.948227705933  	0.0311714047757 	0.00589164707468	0.0112114118719
0.00741050603386	0.0442867230282 	0.87879152939   	0.0163389531599 	0.0531722883879
0.919159153741  	0.00320634623682	0.0067942394644 	0.0554527892551 	0.0153874713026
0.00347305186351	0.948582545985  	0.030955834997  	0.00585165275343	0.0111369144007
0.00660924229522	0.0340609274638 	0.893334521169  	0.0148930010583 	0.0511023080136
0.916441066286  	0.00325322289467	0.0069177878444 	0.0576316587677 	0.0157562642071
0.00688344516846	0.910601898173  	0.0508390793947 	0.0112574009584 	0.0204181763053
0.0229196893374 	0.0353955829165 	0.353928765207  	0.067590555415  	0.520165407124 
0.907650691099  	0.0034529129845 	0.00739853867928	0.0644388008142 	0.0170590564232
0.0114641203755 	0.862023620725  	0.0757394145869 	0.0183875965776 	0.032385247735 
0.0167691456821 	0.016194493417  	0.106778885255  	0.058664528846  	0.8015929468   
0.904539038152  	0.00353060891261	0.00758050883816	0.0668136461397 	0.0175361979576
0.00862513099814	0.890488114814  	0.0616581714167 	0.0140184795919 	0.0252101031788
0.0203106018414 	0.0238379654105 	0.183400308429  	0.0657876314621 	0.706663492857 
0.591674652561  	0.00909332732549	0.0211815172936 	0.321797869731  	0.0562526330894
0.00671764295631	0.873948071119  	0.0830704455724 	0.0118501581842 	0.0244136821679
0.010794464032  	0.0337205815024 	0.815024380879  	0.0265066882057 	0.113953885381 
0.0141421226721 	0.0112540240108 	0.0649113107152 	0.0540792866331 	0.855613255969 
0.809530474223  	0.00574127901748	0.0127731980127 	0.140617962502  	0.0313370862448
0.00647940369877	0.914704009129  	0.0488191895272 	0.0106260776262 	0.0193713200189
0.0212774470491 	0.0265765060985 	0.215299089103  	0.0674355208273 	0.669411436923 
0.0103574686353 	0.0802219367987 	0.821506602415  	0.022022992934  	0.0658909992169
0.908079409885  	0.00344134433426	0.00737146227332	0.0641180052599 	0.0169897782476
0.00544356518647	0.901531618213  	0.0640470832455 	0.00954338381827	0.0194343495373
0.0143931167097 	0.0097315066923 	0.0509232602789 	0.0598418079251 	0.865110308394 
0.010185359096  	0.0753379765323 	0.826994576222  	0.021753369724  	0.0657287184259
0.873551950863  	0.00429287113927	0.00935979932717	0.0905916378911 	0.0222037407794
0.0174451611147 	0.43938297033   	0.429765488545  	0.0334034346087 	0.080002945401 
0.0333887835712 	0.0139550570683 	0.0580517230062 	0.189413796482  	0.705190639873 
0.00502918491767	0.91165056477   	0.0568722881162 	0.00876568386224	0.0176822783337
0.871224087372  	0.00434934284321	0.00949179839967	0.0923841944511 	0.0225505769338
0.0171461808883 	0.286035802212  	0.576829012813  	0.0338415821567 	0.0861474219302
0.0552844283511 	0.00981634947941	0.0313455802217 	0.736165927769  	0.167387714179 
0.006668957309  	0.874167934966  	0.0830759366878 	0.0117783390512 	0.0243088319859
0.016489434049  	0.24233025731   	0.622779205711  	0.0328796116258 	0.0855214913039
0.0162721846023 	0.00989407656527	0.0488534481781 	0.0718414329705 	0.853138857684 
0.00705164904847	0.864491086132  	0.0900165367734 	0.0124977146907 	0.0259430133558
0.0153274966295 	0.193669546561  	0.676992591427  	0.0309965390371 	0.0830138263451
0.0488331451998 	0.00673182546702	0.0203430203065 	0.830094415263  	0.0939975937639
0.00491507093823	0.913005049545  	0.0561382300982 	0.00858328061622	0.0173583688024
0.00762112571014	0.0463134453476 	0.875067695757  	0.0167632531713 	0.0542344800139
0.0483908550936 	0.00655729145317	0.0197397640267 	0.834933069538  	0.0903790198888
0.00341787430516	0.945981189595  	0.0334022592323 	0.00583579937919	0.0113628774887
0.0226976132547 	0.0115505897698 	0.0522136992137 	0.112026950283  	0.801511147479 
0.122275654734  	0.00702307512644	0.0184589736744 	0.790377690019  	0.0618646064462
0.0340098362941 	0.0140883091177 	0.0583525884784 	0.194374615396  	0.699174650713 
0.119657217378  	0.00695297130814	0.018302481435  	0.793556752937  	0.0615305769424
0.0585690785135 	0.014124757943  	0.0487494935886 	0.552960418315  	0.32559625164  
0.215968839523  	0.00887424759702	0.0224454689231 	0.683123025957  	0.0695884179989
0.343403133632  	0.00997643503709	0.0244058819001 	0.551293657815  	0.0709208916159
0.310612105428  	0.00981657707043	0.0241954424806 	0.58404192339   	0.0713339516313
0.00906798718754	0.887302534223  	0.0628001785999 	0.0146691861751 	0.0261601138147
0.0545981526039 	0.00946597164089	0.0300426595942 	0.747987185549  	0.157906030612 
0.012115955943  	0.856082711396  	0.0784944017548 	0.0193698783159 	0.0339370525906
0.908957575201  	0.00436821935981	0.0088990290888 	0.0588128040082 	0.0189623723419
0.0653597086443 	0.00533470874306	0.0147112213051 	0.859915307539  	0.0546790537682
0.0228642070458 	0.0115735997627 	0.0522506501409 	0.113148479901  	0.80016306315  
0.0067036405136 	0.872927545404  	0.0840246823455 	0.0118508508109 	0.0244932809259
0.913011132568  	0.0041027158846 	0.00838873429384	0.05652089566   	0.017976521594 
0.0155500927167 	0.0101305668652 	0.051613157687  	0.0660137696481 	0.856692413083 
0.0142297625831 	0.0114150804943 	0.0661803080271 	0.0541832338507 	0.853991615045 
0.00401724771016	0.941936508082  	0.034620479385  	0.00672919519631	0.0126965696264
0.0478408232781 	0.00585976378764	0.0172833912021 	0.85376888617   	0.075247135562 
0.0165170694653 	0.0157977051807 	0.103069517603  	0.0581407300435 	0.806474977707 
0.00619752285876	0.884519053343  	0.0759019151917 	0.0109239291797 	0.0224575794265
0.0161901528577 	0.0100322796053 	0.0498626789679 	0.0707491639878 	0.853165724581 
0.00704336824107	0.0284098603388 	0.885049645057  	0.0165369949161 	0.0629601314468
0.0171319214043 	0.480499388845  	0.392840237365  	0.0325804947056 	0.0769479576797
0.0476522559812 	0.00567925682117	0.016669171547  	0.858291639144  	0.0717076765063
0.0120171274607 	0.0347288847904 	0.786159471291  	0.0301018173668 	0.136992699091 
0.00358364437151	0.945685975598  	0.0330300067878 	0.00606418978585	0.0116361834565
0.0223151355401 	0.0302001659056 	0.26456875306   	0.0686613491547 	0.61425459634  
0.0175853094909 	0.344011025981  	0.519084677394  	0.0342713868742 	0.0850476002594
0.0174498600813 	0.31196345278   	0.55038849018   	0.0342123473945 	0.0859858495639
0.010822992403  	0.76335973372   	0.163902720679  	0.0196035661833 	0.0423109870147
0.00426377095561	0.930483454426  	0.0435196091257 	0.00732282912107	0.0144103363712
0.0172470439102 	0.293684357949  	0.568999564295  	0.033962587743  	0.0861064461027
0.00668961830792	0.873555248595  	0.0835308043488 	0.0118188314868 	0.0244054972613
0.00844218272885	0.830863381381  	0.113952786718  	0.0150657996384 	0.0316758495343
0.00383337415386	0.944605609033  	0.0330209942058 	0.00642265365026	0.0121173689573
0.00878876687032	0.821750823592  	0.120573896327  	0.0157172615884 	0.0331692516224
0.00342103210611	0.946487716829  	0.0329560420853 	0.00582826499626	0.0113069439835
0.0129365012278 	0.694991619296  	0.216081127259  	0.0237056487894 	0.0522851034271
0.00381069131454	0.937328039761  	0.039360823001  	0.00655807096151	0.0129423749622
0.00847124302175	0.829243731714  	0.115264954223  	0.0151362613779 	0.0318838096627
0.0035795098281 	0.941832169713  	0.0363599860395 	0.00614659881903	0.0120817356008
0.00972543605208	0.796596785841  	0.138960027732  	0.017481882652  	0.0372358677234
0.00391401769795	0.934329607674  	0.0415456616553 	0.00676611152193	0.0134446014508
0.0153133158869 	0.596480693368  	0.294800245221  	0.0285268935998 	0.0648788519243
0.0043662399219 	0.925116611622  	0.0477520691383 	0.00758347108052	0.0151816082375
0.00366580881324	0.939705358559  	0.0378589428192 	0.00631190280865	0.0124579869995
0.00924649245051	0.808360511402  	0.130488242508  	0.0166101348768 	0.0352946187626
0.0112128814467 	0.751409877845  	0.172909293917  	0.0203556267466 	0.044112320045 
0.00354899752725	0.942364121978  	0.0360177161203 	0.0060937199319 	0.0119754444428
0.00464093267258	0.919037063104  	0.0519643574419 	0.00808448262204	0.0162731641599
0.0138994353322 	0.657818682494  	0.245301698423  	0.0256615767025 	0.0573186070489
0.0165235849265 	0.539525000013  	0.340862980004  	0.0311114004725 	0.071977034585 
0.0497194800893 	0.015936392578  	0.0599273051565 	0.352185780452  	0.522231041724 
0.0157326841936 	0.573382624505  	0.313929343438  	0.0294453936032 	0.0675099542603
0.0173257290245 	0.453771781765  	0.416981345248  	0.0330826474967 	0.0788384964662
0.00970283992727	0.0329428053816 	0.836443776912  	0.0235455205094 	0.0973650572696
0.0478824661877 	0.0157681492736 	0.0600259157483 	0.331005478831  	0.54531798996  
0.0126399434977 	0.70875857196   	0.204715809033  	0.0231307028116 	0.0507549726976
0.0151612643247 	0.603808539729  	0.288787241762  	0.0282132971698 	0.0640296570145
0.0496014913605 	0.00710590029464	0.0216421795731 	0.819639275255  	0.102011153517 
0.00418968713335	0.940816276214  	0.0349328030387 	0.00698668199481	0.0130745516195
0.0174567865376 	0.318086387312  	0.544445439836  	0.0342034429534 	0.0858079433612
0.0490430345474 	0.00519864924872	0.0149540671417 	0.86955477707   	0.0612494719924
0.00338209197794	0.948660145647  	0.0312355191872 	0.00572685927664	0.0109953839112
0.0167153431865 	0.51223267965   	0.365602865635  	0.0315985650642 	0.0738505464641
0.169460239483  	0.00814543766082	0.020928612731  	0.734460376445  	0.0670053336806
0.0167310687859 	0.00998837979124	0.0488665252395 	0.0746697706208 	0.849744255563 
0.0139567451247 	0.0104133878683 	0.0577685470203 	0.0550552029614 	0.862806117025 
0.00978894563614	0.793371339337  	0.141529590615  	0.0176351216273 	0.0376750027841
0.00856574837921	0.827717903332  	0.116219743717  	0.0152966083565 	0.0321999962157
0.0446893072145 	0.0155757603598 	0.0605614523556 	0.292543565808  	0.586629914262 
0.0226761583275 	0.0313815285781 	0.280597031139  	0.0691315122647 	0.59621376969  
0.0117925882856 	0.103044518489  	0.788245401079  	0.0248020939538 	0.072115398192 
0.0176369216075 	0.365350978878  	0.498541440582  	0.0342307459904 	0.0842399129422
0.0734895601144 	0.00558750778906	0.0152386055326 	0.850378689551  	0.0553056370128
0.0144319129838 	0.16390786412   	0.711365648458  	0.0295086677566 	0.0807859066821
0.0487093762786 	0.00649255737801	0.019498211815  	0.83673590288   	0.088563951648 
0.0130122859752 	0.694075005009  	0.216558135997  	0.0238314655428 	0.0525231074764
0.0144931506087 	0.00983008026587	0.0515607548117 	0.0600698280145 	0.864046186299 
0.0137093989669 	0.143383713121  	0.735895382244  	0.0282682850702 	0.0787432205977
0.0170315219705 	0.0167476432034 	0.111562340287  	0.0592291667681 	0.795429327771 
0.0142608045163 	0.645118830647  	0.255283251576  	0.0263447557007 	0.0589923575604
0.0171499768988 	0.490060060574  	0.384019923851  	0.0324831546334 	0.0762868840431
0.00799239260549	0.0509515264    	0.867828814562  	0.017481074725  	0.0557461917075
0.00872743547199	0.0595989099131 	0.853704422796  	0.0189201125337 	0.059049119285 
0.00610764517729	0.890559410628  	0.0709624557427 	0.0106818943789 	0.021688594073 
0.00404714815855	0.931989321797  	0.043062378241  	0.0069953377587 	0.0139058140451
0.0115975806081 	0.100885160835  	0.792502140514  	0.0243358863034 	0.0706792317393
0.0176747275378 	0.392095087668  	0.473114904892  	0.0341038792838 	0.0830114006174
0.00427117061817	0.933307218853  	0.0410495203276 	0.00727132940279	0.0141007607983
0.00440764764943	0.92405837543   	0.0485309305943 	0.00765647095055	0.0153465753759
0.0111264264552 	0.0940243323993 	0.802725089153  	0.0234409500938 	0.0686832018991
0.00451577076688	0.923762794035  	0.0483643491735 	0.0078093424328 	0.0155477435914
0.0147028685614 	0.172902390268  	0.701212452446  	0.0299227053469 	0.0812595833773
0.0103737391211 	0.777319932005  	0.153364684499  	0.0187314675421 	0.0402101768323
0.00893253192858	0.061961275145  	0.850136665841  	0.0192793566048 	0.0596901704811
0.00365191481363	0.943446828094  	0.0346932477394 	0.00620723302231	0.0120007763303
0.0148911134257 	0.178080532841  	0.694949696917  	0.0302488491727 	0.0818298076439
0.00669154771408	0.873067153295  	0.0839290795276 	0.0118366004583 	0.0244756190053
0.00662357248787	0.0340128477579 	0.893150842201  	0.0149308926844 	0.0512818448687
0.00447591032115	0.928095891062  	0.0447573189972 	0.00766368857917	0.0150071910408
0.0150236119257 	0.183163029525  	0.689177926664  	0.0304734241329 	0.0821620077525
0.00417599142123	0.940288309322  	0.0354390291333 	0.00697902637234	0.0131176437509
0.00663060887288	0.0302795942422 	0.893202392663  	0.0152167508151 	0.0546706534063
0.00876925745013	0.887840201883  	0.0633658034539 	0.0142760990335 	0.0257486381795
0.0145357466239 	0.166380133569  	0.708619951386  	0.0296365004664 	0.0808276679545
0.016531850932  	0.241315166029  	0.623120131232  	0.0330174450518 	0.0860154067554
0.0224398341574 	0.0387328207996 	0.438655279732  	0.0639190655522 	0.436252999759 
0.0105190833826 	0.0326888221399 	0.81783485115   	0.025945156409  	0.113012086918 
0.00584213350174	0.918391233139  	0.0479599015968 	0.00970856841192	0.0180981633502
0.00424627281446	0.927462331957  	0.046195993414  	0.00736725536843	0.0147281464465
0.0221914343987 	0.0391746365331 	0.45545708077   	0.0628365426867 	0.420340305612 
0.00960811030028	0.798446129554  	0.137778560784  	0.017291966866  	0.0368752324958
0.0137478414235 	0.147838920723  	0.731930229895  	0.0282428177142 	0.0782401902436
0.00343594523997	0.945882470929  	0.0334185831726 	0.00586233452406	0.0114006661345
0.0175601561023 	0.0400513871102 	0.646954526476  	0.0464529548375 	0.248980975474 
0.0134354395345 	0.140255992614  	0.741424244886  	0.0276844985036 	0.0771998244617
0.00789970914771	0.84725960575   	0.101689473131  	0.0140098466715 	0.0291413652999
0.00568191287508	0.896317110915  	0.0676275602836 	0.009982634161  	0.0203907817656
0.0225740211102 	0.0316743386411 	0.28702456226   	0.0686751097791 	0.59005196821  
0.0129156015644 	0.128075190497  	0.756885738604  	0.0267411688714 	0.0753823004632
0.0511268735755 	0.00773663537093	0.0238407882452 	0.801603649914  	0.115692052894 
0.0556726265601 	0.015534439416  	0.0558702550204 	0.450149970969  	0.422772708034 
0.0114101955149 	0.0952270922812 	0.799038934711  	0.0240237616623 	0.0703000158308
0.0102064658943 	0.0743013232166 	0.826673784215  	0.0219402180611 	0.0668782086131
0.0150477997362 	0.0131155678869 	0.0802891014043 	0.0551560604068 	0.836391470566 
0.0130184558805 	0.691295280397  	0.219041537004  	0.0238821227027 	0.0527626040161
0.0200460892925 	0.0224389756758 	0.162879086826  	0.0661838220655 	0.72845202614  
0.0100471517685 	0.0740100919063 	0.829455067641  	0.0214749407697 	0.0650127479146
0.00766946668957	0.0445053534949 	0.874919153842  	0.0170076053043 	0.0558984206687
0.0379299655304 	0.0147358488859 	0.059607085991  	0.227495918847  	0.660231180746 
0.00970005472434	0.880597799393  	0.0662421614125 	0.0156515218669 	0.0278084626036
0.0187811650662 	0.0194876129464 	0.133195709531  	0.0638764246631 	0.764659087793 
0.0100053275465 	0.0330558554152 	0.831660347762  	0.0242836063148 	0.100994862962 
0.0066506764038 	0.0302678737479 	0.892508088325  	0.0153061521381 	0.0552672093854
0.0162531825883 	0.81750748506   	0.0967861854572 	0.0256022344557 	0.0438509124392
0.048096137632  	0.00630880827375	0.0188822053103 	0.841599372643  	0.0851134761408
0.0194508898688 	0.0408371200102 	0.587718535822  	0.0524891842127 	0.299504270086 
0.0230887913315 	0.0352803569694 	0.343758432198  	0.0684076967222 	0.529464722779 
0.00685456905329	0.0371085892321 	0.888929559849  	0.015345718033  	0.0517615638322
0.0124713635846 	0.85275253241   	0.0800731515931 	0.019907798609  	0.0347951538037
0.0790400338952 	0.00575687609885	0.0156164746042 	0.843612920154  	0.0559736952479
0.00917316198405	0.0308818815392 	0.844727543773  	0.0222831699477 	0.0929342427562
0.0141632151895 	0.0375191763251 	0.739383645621  	0.0361033794363 	0.172830583428 
0.0069087839088 	0.0287851603309 	0.887863535812  	0.0161138801598 	0.0603286397885
0.0047996198998 	0.919705215925  	0.0507631054643 	0.00828503933738	0.0164470193735
0.101132085115  	0.00643581138888	0.0171386538773 	0.816248540711  	0.0590449089084
0.00653246858425	0.0306167599764 	0.894526747387  	0.0149595049352 	0.0533645191175
0.0102477192773 	0.0325076723142 	0.824211906793  	0.0251407721188 	0.107891929497 
0.0067558774737 	0.0356716542308 	0.890781779701  	0.0151743449884 	0.0516163436066
0.00454822258705	0.92508879937   	0.0470784474955 	0.0078271807169 	0.0154573498303
0.133220662191  	0.00730376343192	0.0190873037761 	0.777179214962  	0.063209055639 
0.015088625271  	0.012948344642  	0.0785186209369 	0.055557960479  	0.837886448671 
0.0173461809273 	0.305683507973  	0.55691150806   	0.0340822099687 	0.0859765930708
0.00734738956089	0.0433743925985 	0.879976965353  	0.016233217521  	0.0530680349667
0.172527298935  	0.00815454186017	0.0209394464037 	0.731460810031  	0.0669179027705
0.0143725917531 	0.0106047085539 	0.0584072666536 	0.0568372147177 	0.859778218322 
0.0115354375841 	0.101515796354  	0.792219091557  	0.02424086746   	0.0704888070449
0.0087428850941 	0.060446788061  	0.853139620102  	0.0189077531185 	0.0587629536247
0.674141224027  	0.00810118127505	0.0185784353603 	0.25118926965   	0.0479898896874
0.0148136005384 	0.0119922855504 	0.0699753256083 	0.0559293490362 	0.847289439267 
0.010637840555  	0.768836162036  	0.159758204277  	0.0192596476784 	0.0415081454531
0.00822356030441	0.0537867968928 	0.863503225939  	0.0179079034532 	0.0565785134105
0.016410437574  	0.015553602926  	0.101034969117  	0.0579055734035 	0.80909541698  
0.00355274829002	0.942005088199  	0.036308361248  	0.00610812652214	0.0120256757409
0.0104880559772 	0.0849978834161 	0.81623369299   	0.0222372842369 	0.06604308338  
0.0156889506337 	0.0142380145294 	0.0896886166347 	0.0564185023061 	0.823965915896 
0.0032688075378 	0.949182236869  	0.0312079772417 	0.00556526292496	0.0107757154264
0.0149279845609 	0.18020003035   	0.692665608564  	0.0303102970219 	0.0818960795036
0.0159973648656 	0.0148252557086 	0.0945504884542 	0.0570690305777 	0.817557860394 
0.00485281141752	0.932517625167  	0.0395762379202 	0.00805900338591	0.0149943221099
0.0147288958884 	0.173693216486  	0.700283897442  	0.0299663254634 	0.0813276647203
0.0196010293714 	0.0221242158216 	0.164163779122  	0.0645015100196 	0.729609465666 
0.00446835491211	0.922598364172  	0.0495571206344 	0.00777120709426	0.0156049531875
0.0166802900406 	0.250990368346  	0.613293124853  	0.0331753525549 	0.0858608642062
0.0197090192166 	0.0222916657377 	0.165110226788  	0.0648347086322 	0.728054379626 
0.00333770787323	0.949791567914  	0.0304294878705 	0.00564227014244	0.0107989661997
0.00934617649183	0.0685176333757 	0.840789995248  	0.0200620373329 	0.0612841575514
0.0141321358849 	0.0105871633288 	0.0585741223469 	0.0557498213438 	0.860956757096 
0.00384624529964	0.944551786969  	0.0330189575614 	0.00644102907811	0.012141981092 
0.00684295797615	0.0371516327389 	0.889064329139  	0.015316291597  	0.0516247885485
0.0162913482106 	0.0151458290886 	0.0962835522704 	0.0580821854861 	0.814197084944 
0.00351990409665	0.947743426995  	0.0315046811396 	0.00593185569247	0.0113001320768
0.00729975295036	0.0382541737857 	0.882028630073  	0.0164338241953 	0.0559836189961
0.0184127284818 	0.0108138230504 	0.0520103876888 	0.0829307443294 	0.83583231645  
0.0119738163438 	0.72977082471   	0.188816415099  	0.0218320917836 	0.0476068520632
0.00702795978661	0.0352119307301 	0.886569500652  	0.0159323899192 	0.0552582189124
0.058756483699  	0.0138956071746 	0.0476944103495 	0.566454054756  	0.313199444021 
0.0119056079818 	0.10314952316   	0.786950274393  	0.0250611661764 	0.0729334282888
0.00585210111216	0.892376858903  	0.0704103984767 	0.0102911669458 	0.0210694745623
0.0478618876686 	0.0158690621751 	0.0603893290802 	0.328923407827  	0.546956313249 
0.0154280880705 	0.194836920891  	0.67491425039   	0.031219725094  	0.0836010155548
0.00364425316726	0.942322995061  	0.0356893370371 	0.00622240918677	0.012121005548 
0.0576333966494 	0.0114147172759 	0.0374082819887 	0.678795827139  	0.214747776947 
0.017765583949  	0.397647644342  	0.466946605474  	0.0342956347345 	0.0833445315002
0.00327779082863	0.949358894164  	0.0310276821598 	0.00557167441967	0.0107639584281
0.0579042358623 	0.0116476277503 	0.0383348678397 	0.669464501199  	0.222648767349 
0.0145184327682 	0.00999161120271	0.0526321338187 	0.0598408894439 	0.863016932766 
0.0123777822544 	0.104729544433  	0.78073553929   	0.0261029967942 	0.0760541372288
0.00356138100477	0.941847158835  	0.0364101899656 	0.00612364391365	0.012057626281 
0.0559159474191 	0.00511727372954	0.0143688955566 	0.868992225424  	0.0556056578707
0.053364456583  	0.00518023085933	0.0146480211745 	0.869074917825  	0.0577323735582
0.0114215259381 	0.0954189154364 	0.798025597348  	0.024147775507  	0.0709861857706
0.00554285953413	0.925352492452  	0.043158255826  	0.00914034971993	0.0168060424681
0.414451331164  	0.0100893145792 	0.0243201544884 	0.482440087753  	0.0686991120157
0.0161136142884 	0.222391660921  	0.643997151899  	0.0323429011552 	0.0851546717366
0.00458427178556	0.936062136257  	0.0375419011297 	0.007619615469  	0.0141920753586
0.221726168977  	0.00895767871323	0.0226177528509 	0.676821896006  	0.0698765034522
0.00862559627687	0.0584470533388 	0.855636394823  	0.0187186941783 	0.0585722613826
0.0122169510553 	0.854784583084  	0.0792326581378 	0.019532895507  	0.0342329122156
0.141611151247  	0.00750065892292	0.0195197293306 	0.767276562951  	0.0640918975477
0.00921776694177	0.066560407066  	0.843504435717  	0.01983381478   	0.0608835754957
0.00724461106676	0.906153124682  	0.05332398381   	0.0118344248211 	0.0214438556198
0.871844510406  	0.00434087042916	0.00947200491706	0.0918554414464 	0.022487172801 
0.00662727379247	0.033857061945  	0.892913762302  	0.0149714688747 	0.0516304330859
0.00524049287465	0.927905228374  	0.0420851156865 	0.00868094420658	0.0160882188579
0.811806430723  	0.00569639545196	0.0126695744347 	0.138776795207  	0.0310508041827
0.0066200049502 	0.033798234825  	0.893032706229  	0.0149566235676 	0.0515924304279
0.00544625587506	0.901564716295  	0.0640087284928 	0.00954584804341	0.0194344512934
0.0679170643741 	0.00540027351032	0.0148343792568 	0.857171863703  	0.0546764191553
0.00675799882724	0.0358536277339 	0.890777664696  	0.0151606284645 	0.0514500802784
0.00957771993966	0.800532213444  	0.136082051186  	0.0172053881062 	0.0366026273247
0.0766287757303 	0.00567363778927	0.0154158461939 	0.846771651525  	0.0555100887618
0.0074435205586 	0.028665285225  	0.877728175368  	0.017619040159  	0.0685439786898
0.0173016944903 	0.46424139744   	0.407369525707  	0.0329440491187 	0.0781433332438
0.0201773447193 	0.0235134437107 	0.179581691201  	0.0655633344779 	0.711164185891 
0.0176725687116 	0.0179840543341 	0.123267448953  	0.0605353112427 	0.780540616759 
0.0157777191487 	0.573409284677  	0.313754616675  	0.0294991057679 	0.0675592737317
0.0498260756971 	0.00720566274453	0.0219665148576 	0.817127283222  	0.103874463479 
0.0173324151749 	0.0101183096954 	0.0489421546339 	0.0783942853054 	0.84521283519  
0.0092221490375 	0.0310074377489 	0.844193366094  	0.0223833361468 	0.0931937109733
0.0166924298079 	0.254353565652  	0.609897632604  	0.0332000856148 	0.085856286321 
0.0549054024603 	0.00962440697409	0.0306174150277 	0.742929527495  	0.161923248043 
0.0202556146546 	0.0237141856384 	0.181849848324  	0.0657024984931 	0.70847785289  
0.0162589375901 	0.227357115395  	0.638593367062  	0.0325307320552 	0.0852598478981
0.00694742343351	0.907856061362  	0.0529263727436 	0.0114092331811 	0.0208609092798
0.0555051413147 	0.00994245640053	0.0318088853865 	0.732040285339  	0.170703231559 
0.0169893128904 	0.0166632287441 	0.111021257787  	0.0590984207165 	0.796227779862 
0.0151344738806 	0.183270214071  	0.688294089608  	0.0306754681677 	0.0826257542727
0.0146736846943 	0.82621988488   	0.0946205667107 	0.0234379815535 	0.0410478821616
0.0224797698665 	0.764427920393  	0.120541085727  	0.0347363332948 	0.0578148907193
0.0365664166102 	0.0145250241008 	0.0592506909632 	0.215539226905  	0.674118641421 
0.0115757086599 	0.102875382736  	0.790829811261  	0.0242865265108 	0.0704325708325
0.0120236989309 	0.734658861828  	0.184283272209  	0.0218079119987 	0.0472262550334
0.00822985197723	0.895778053193  	0.0585994844971 	0.0133718668079 	0.0240207435249
0.0462208501745 	0.0156818359794 	0.0603216249601 	0.311089193313  	0.566686495573 
0.0073876387027 	0.0439383959933 	0.87919300054   	0.0163050130627 	0.0531759517008
0.0118464545802 	0.858537916016  	0.0773551895635 	0.0189639628744 	0.0332964769657
0.0586509630386 	0.0125614520383 	0.0420127623002 	0.631266269744  	0.255508552879 
0.00857160272573	0.0300096964585 	0.856716295005  	0.0206352716463 	0.0840671341639
