0.666857345035  	0.0743914636565	0.0132415928416 	0.0270471130513 	0.218462485416  
0.0991095976312 	0.0412246142062	0.0142232699248 	0.0230159048188 	0.822426613419  
0.111544501083  	0.0477189090169	0.0168241132974 	0.0269943875575 	0.796918089045  
0.0405143505405 	0.0125064642326	0.00352697591738	0.00615756083168	0.937294648478  
0.0678966643943 	0.0186431486355	0.00491226381882	0.00878960264028	0.899758320511  
0.197969792791  	0.687836068231 	0.0202369072301 	0.0648041691741 	0.0291530625736 
0.630145511514  	0.25580749203  	0.0177843615405 	0.0471708138223 	0.0490918210931 
0.815804990362  	0.109071528667 	0.0101489234993 	0.0249956759573 	0.0399788815142 
0.885405658615  	0.0580365212993	0.00654085064542	0.0152971114097 	0.0347198580307 
0.358621034169  	0.0644390081698	0.0138176331954 	0.0265561113456 	0.536566213121  
0.852218486005  	0.083545555647 	0.00828058649986	0.0200438979437 	0.0359114739041 
0.205138428529  	0.117686026568 	0.0538554197027 	0.0777251680024 	0.545594957198  
0.827574147209  	0.101895077479 	0.00948892679625	0.02334189759   	0.037699950926  
0.183804442529  	0.0967137857371	0.0406812049534 	0.0608082717749 	0.617992295006  
0.787345054637  	0.131659313604 	0.0113922349048 	0.0285627811803 	0.0410406156736 
0.0979119259529 	0.0404789360019	0.0139033722011 	0.0225362170045 	0.82516954884   
0.882362280219  	0.0479985363119	0.0064682250762 	0.0143748558387 	0.0487961025544 
0.873510512979  	0.0499076494661	0.00687756371232	0.0151870641308 	0.0545172097114 
0.0354630368687 	0.0112651169354	0.00323202357952	0.0056076071565 	0.94443221546   
0.894854313782  	0.0510969166609	0.00599007102856	0.0138515925668 	0.0342071059614 
0.0564344729848 	0.0158222582852	0.00421872752891	0.00751682049855	0.916007720703  
0.878786921886  	0.0486473257592	0.00662982672854	0.0146857270058 	0.0512501986201 
0.0468377501349 	0.0139046700862	0.00383137914082	0.00674555472699	0.928680645911  
0.892334648953  	0.0469810248411	0.00603346099495	0.0135964923121 	0.0410543728985 
0.067886109723  	0.0255316972145	0.00818486966104	0.0136227445784 	0.884774578823  
0.701333775142  	0.0721372720317	0.0125150621926 	0.025766221695  	0.188247668939  
0.178045535559  	0.0917655751863	0.0378591143089 	0.0570432876433 	0.635286487303  
0.598753008893  	0.0760083874651	0.0142028084368 	0.0285603417532 	0.282475453452  
0.174950680166  	0.0893366131146	0.0365505306895 	0.0552594199708 	0.643902756059  
0.88913563095   	0.0516773717189	0.00629999097665	0.0144161158178 	0.0384708905371 
0.193641632561  	0.105525717809 	0.0458809729983 	0.0676503364475 	0.587301340184  
0.315233029459  	0.0598424345065	0.0131305323624 	0.0250429497666 	0.586751053906  
0.168186619695  	0.0839730885448	0.0336646835679 	0.0513190724003 	0.662856535792  
0.668882563955  	0.0745312442995	0.0132350913946 	0.0270570330806 	0.21629406727   
0.147461799271  	0.0693756574595	0.0264180347648 	0.0411158128415 	0.715628695663  
0.776433927819  	0.0654954811847	0.0105493245932 	0.0222324012411 	0.125288865162  
0.171931327186  	0.086870560338 	0.0351995443111 	0.0534272991215 	0.652571269044  
0.206900590234  	0.0451541910642	0.0105450905285 	0.0196912372096 	0.717708890963  
0.146029525038  	0.068469973126 	0.0259998908684 	0.0405105517156 	0.718990059252  
0.0368850180736 	0.0113164506893	0.00317624451015	0.00555589722575	0.943066389501  
0.174111093031  	0.0885907278094	0.0361232416245 	0.0546887885438 	0.646486148992  
0.0352041074383 	0.0113676385444	0.00329273106629	0.00569337343966	0.944442149511  
0.109937193762  	0.0467846038826	0.0164275426923 	0.0263995868727 	0.80045107279   
0.0385847063842 	0.0130070212516	0.0038722909678 	0.00662775320241	0.937908228194  
0.0439244815583 	0.0132418366894	0.00368197333713	0.00646123562375	0.932690472791  
0.861034946935  	0.0531281329635	0.00747755099913	0.0164149764655 	0.0619443926365 
0.040453601941  	0.0121039426698	0.00334663446793	0.00588616064509	0.938209660276  
0.0457384213288 	0.0157130741509	0.00473871408536	0.00807056578642	0.925739224649  
0.881944010172  	0.0508155724682	0.00660653752263	0.0148442087383 	0.0457896710992 
0.0576806975874 	0.0161828743084	0.00430941175999	0.00768351196169	0.914143504382  
0.0945690569967 	0.0385853211841	0.0131212146403 	0.0213503826723 	0.832374024507  
0.487471760353  	0.0739588420754	0.0147759404709 	0.0290755761496 	0.394717880951  
0.0430374720152 	0.0149210551266	0.00452523710043	0.00769176919618	0.929824466562  
0.167566023318  	0.0835521031405	0.0334573509735 	0.0510271465546 	0.664397376014  
0.224466911205  	0.0478844422962	0.011066451205  	0.0207379900184 	0.695844205275  
0.163738937374  	0.0806934451405	0.0319786085237 	0.048977696295  	0.674611312667  
0.101082788789  	0.0419559796317	0.0144519051631 	0.02339893654   	0.819110389876  
0.064116079385  	0.023357684534 	0.00731900293856	0.0122875417157 	0.892919691427  
0.130320067733  	0.0584322387712	0.0213796175269 	0.0338069148699 	0.756061161099  
0.143572169937  	0.0667062187584	0.0251306440268 	0.0392799866055 	0.725310980672  
0.08917202904   	0.035906946169 	0.0120915993784 	0.0197497283737 	0.843079697039  
0.0239919891732 	0.0690267941496	0.361431978923  	0.534831624096  	0.0107176136585 
0.098815757874  	0.0407687241406	0.0139787213892 	0.0226732323108 	0.823763564285  
0.0401288448061 	0.0124263657552	0.00351110663098	0.00612553295206	0.937808149856  
0.0224695148854 	0.0610323795615	0.520998479602  	0.385171775184  	0.0103278507668 
0.0422377904573 	0.0129191502836	0.00362317252382	0.00633833039007	0.934881556345  
0.0159788268082 	0.0699766160743	0.0438389850682 	0.864239164642  	0.00596640740731
0.0754693415268 	0.0291102697484	0.00950009391225	0.0157049374537 	0.870215357359  
0.00694699837713	0.015071494226 	0.925076926902  	0.0492919703416 	0.00361261015319
0.0627756337529 	0.0231912493093	0.00734292770528	0.012279224803  	0.894410964429  
0.00892430414205	0.0211475865876	0.878359600214  	0.0871583040698 	0.00441020498709
0.0440527208459 	0.0135794280765	0.00382563356157	0.00668144175724	0.931860775759  
0.0135998193823 	0.0336799989562	0.788419676666  	0.157740899185  	0.00655960581022
0.0152646635258 	0.0657210309123	0.0437343099181 	0.869542791214  	0.00573720442953
0.47967536678   	0.073516782753 	0.0147678483399 	0.0290045632455 	0.403035438881  
0.0144019682607 	0.03592988177  	0.770673844295  	0.172075040216  	0.00691926545827
0.805208254869  	0.0611152638013	0.00954771176527	0.0203059874694 	0.103822782096  
0.0176455618238 	0.0797310807065	0.0447740359463 	0.851336603263  	0.00651271826024
0.0590244176714 	0.639391359545 	0.0393003518228 	0.245608377989  	0.0166754929721 
0.256254900148  	0.052748219134 	0.0120088177198 	0.0226153690575 	0.656372693941  
0.0131594099034 	0.0524572662818	0.0468176801496 	0.882470989578  	0.00509465408696
0.0672320193747 	0.856045131927 	0.0134094913984 	0.0503046739002 	0.0130086833992 
0.105778187908  	0.0271223696418	0.00688288843007	0.0124814444797 	0.84773510954   
0.0134394614738 	0.0500614435066	0.0593744538249 	0.871777427497  	0.00534721369796
0.840572988145  	0.0565129764122	0.00830656905341	0.0180015636127 	0.0766059027767 
0.166107526782  	0.038812428856 	0.00938504216864	0.0173103682083 	0.768384633985  
0.0140213038281 	0.0509324341279	0.0676636102425 	0.861744756697  	0.00563789510488
0.0900332837191 	0.0233938751966	0.00598235219981	0.0108191565454 	0.869771332339  
0.177997606007  	0.0407294975119	0.00975059090674	0.0180470668427 	0.753475238732  
0.0143518027562 	0.0357882836123	0.771811302551  	0.171150929007  	0.00689768207342
0.618533765348  	0.0757751765138	0.0139687172791 	0.0282140269733 	0.263508313886  
0.858865985501  	0.0792034613801	0.00792671031698	0.0191328030061 	0.0348710397959 
0.0138810291046 	0.0508179612786	0.0650745205504 	0.864662346352  	0.00556414271427
0.81552922182   	0.110406064634 	0.0100885924477 	0.0249466454179 	0.03902947568   
0.0481147018083 	0.825199680841 	0.0196455018077 	0.095184542392  	0.0118555731512 
0.0159296882139 	0.0402809343943	0.73502720562   	0.201162965466  	0.0075992063064 
0.847269127314  	0.0872233089431	0.00852742607446	0.0207162144558 	0.0362639232122 
0.118717988942  	0.787282953721 	0.0166989047583 	0.0573004375103 	0.0199997150692 
0.0219213925575 	0.0677298563525	0.214783029961  	0.686098399762  	0.00946732136629
0.878196089724  	0.0489186609769	0.00666268582489	0.0147624775761 	0.0514600858979 
0.80210183421   	0.12084827665  	0.0106956617137 	0.0266573613391 	0.0396968660874 
0.0153008774262 	0.0654327359615	0.0444463447607 	0.869053565364  	0.00576647648815
0.814902651737  	0.0610376419126	0.00932439717873	0.0199769181202 	0.0947583910511 
0.0474218467892 	0.875986822407 	0.0129161428158 	0.0534217295505 	0.0102534584379 
0.047707451651  	0.845543062151 	0.0171308131272 	0.0782842258976 	0.0113344471732 
0.0910686771587 	0.0235106306318	0.00598791793159	0.0108460687006 	0.868586705577  
0.0545567263603 	0.74515088658  	0.0287033953973 	0.15712404797   	0.0144649436928 
0.0163518835633 	0.0564230276544	0.0950108634223 	0.825493224104  	0.00672100125554
0.121986786305  	0.0299327337171	0.00741904110985	0.0135686841696 	0.827092754698  
0.0554469226764 	0.435153823948 	0.0538817943026 	0.438389423485  	0.0171280355882 
0.0385259404052 	0.224080722258 	0.0575104252861 	0.666858414948  	0.0130244971035 
0.0644342344042 	0.0177740014347	0.004687649572  	0.00838715206246	0.904716962527  
0.0285016379012 	0.149726124202 	0.0521820900072 	0.759616194514  	0.0099739533758 
0.0154150806643 	0.0542328479026	0.0832416619746 	0.840827475021  	0.00628293443715
0.0356876638368 	0.0112156251942	0.0031952173028 	0.00555860601147	0.944342887655  
0.023307994198  	0.0695583750717	0.278667483225  	0.6182357148    	0.0102304327045 
0.0140531102325 	0.05150183569  	0.065321617965  	0.863493417347  	0.00563001876542
0.0417376836403 	0.0124090412927	0.00341885775794	0.00602087694195	0.936413540367  
0.0225530460258 	0.0613695710216	0.515955188666  	0.389765516477  	0.0103566778089 
0.0132960508432 	0.050474747352 	0.0549700418898 	0.876009093539  	0.00525006637642
0.0403064477234 	0.0137339320389	0.00411862659299	0.00703002678337	0.934810966861  
0.023543230962  	0.0697951045436	0.292266204323  	0.6040295649    	0.0103658952711 
0.0395524002706 	0.0118995762441	0.0033018855819 	0.00579974380503	0.939446394098  
0.0224671741426 	0.0610354761691	0.520715196297  	0.38545672759   	0.0103254258017 
0.023539711829  	0.0654563488621	0.452230795403  	0.448080585326  	0.0106925585796 
0.0379090686507 	0.0126048633948	0.00372262583088	0.00638982754238	0.939373614581  
0.0144209105255 	0.0359854432309	0.770122685831  	0.172542477772  	0.00692848264044
0.0480095361858 	0.0169963165059	0.005228864165  	0.00883960458753	0.920925678556  
0.0130314985079 	0.0512228070662	0.0483761671015 	0.882295111375  	0.0050744159496 
0.0215993110622 	0.057873472941 	0.56196610774   	0.348563752187  	0.00999735606984
0.0239692078995 	0.068348996478 	0.384183717269  	0.512743489982  	0.0107545883707 
0.02379614893   	0.0697742743093	0.316384633774  	0.579512031337  	0.0105329116502 
0.0517094992796 	0.0186381616213	0.00580266204769	0.00976615783041	0.914083519221  
0.0152736740631 	0.05356939671  	0.0840544626283 	0.840869567601  	0.0062328989981 
0.00644315237362	0.0147013330485	0.920931577224  	0.0546703785885 	0.00325355876588
0.0803084536424 	0.0317253237599	0.0105352380419 	0.0173010725919 	0.860129911964  
0.0102570352403 	0.0214132304085	0.898943048675  	0.0639267671486 	0.00545991852723
0.0130227240279 	0.0511304690856	0.0485225688256 	0.882251248487  	0.00507298957393
0.00640969046371	0.0140353038003	0.92926836697   	0.0469713288381 	0.00331530992737
0.0553560857589 	0.0202064773173	0.00634618044043	0.0106454527599 	0.907445803723  
0.0208817640364 	0.065820171387 	0.18459124574   	0.719773928075  	0.00893289076107
0.00610367346095	0.0135302925495	0.930542668754  	0.0466892207395 	0.00313414449634
0.0513206850655 	0.0184390981252	0.00572911936711	0.00964942273632	0.914861674706  
0.0157141267112 	0.0545993803366	0.0896949104904 	0.833553823477  	0.00643775898519
0.00626852464418	0.013788538353 	0.930045515448  	0.0466639500514 	0.00323347150335
0.0659451086102 	0.0249444297766	0.00803031591631	0.0133447556146 	0.887735390082  
0.00687440207048	0.0149003148972	0.926017231219  	0.0486307660718 	0.0035772857418 
0.218646837579  	0.66444775996  	0.0206596907495 	0.0652650478235 	0.0309806638877 
0.0417961766595 	0.0143790183607	0.0043397377328 	0.00738958822834	0.932095479019  
0.00616328323972	0.0139017014193	0.926645425822  	0.050157028446  	0.00313256107253
0.897210809352  	0.0485016804493	0.00583925456707	0.0134024296322 	0.0350458259997 
0.0397720513323 	0.0134929796149	0.0040359615722 	0.00689522415574	0.935803783325  
0.0062824421139 	0.0138148809986	0.929937508864  	0.0467240065303 	0.00324116149316
0.0607406201613 	0.0168198608193	0.00444824424418	0.00795030453634	0.910040970239  
0.76060714755   	0.152101198599 	0.0125729376895 	0.0318930622352 	0.0428256539266 
0.00725961206902	0.0156456349672	0.922943203446  	0.0503611171336 	0.00379043238389
0.343343483071  	0.0633409806175	0.013692102068  	0.0262513777852 	0.553372056459  
0.105222621108  	0.804480183518 	0.0160159559808 	0.0559456422692 	0.018335597124  
0.0065860203606 	0.0143581298988	0.928102155644  	0.0475383452213 	0.00341534887506
0.0819979737213 	0.83614329901  	0.0144282424407 	0.0523084264513 	0.0151220583771 
0.525533974273  	0.0759463817994	0.0148334334477 	0.0294135543394 	0.354272656141  
0.0065264915092 	0.0142418604322	0.928587069988  	0.0472619173143 	0.00338266075658
0.0568594692918 	0.0159185252002	0.00423656829002	0.00755472434156	0.915430712876  
0.0459531182154 	0.863674635051 	0.0148108798409 	0.0650359613169 	0.0105254055761 
0.00625272611022	0.0137465286485	0.930306199657  	0.0464681038381 	0.00322644174603
0.0507194581387 	0.798993284009 	0.0227159794218 	0.114717633066  	0.012853645364  
0.0450994153363 	0.013150960899 	0.00358324385573	0.0063356430026 	0.931830736906  
0.00614693236636	0.0135732429304	0.930729655763  	0.0463864703013 	0.00316369863939
0.0520764131951 	0.873662900065 	0.0127138206799 	0.0507006190028 	0.010846247057  
0.0402544941851 	0.0120256437692	0.00332370878249	0.0058463420475 	0.938549811216  
0.00669501321051	0.0145567020707	0.927394053942  	0.047876757069  	0.00347747370738
0.817329428356  	0.0615055102451	0.00931222194866	0.0200099757252 	0.0918428637254 
0.0356159981675 	0.0110951931704	0.00314585797781	0.00548185334699	0.944661097337  
0.0630514229862 	0.86168713885  	0.0131066435052 	0.0497721734782 	0.01238262118   
0.00694141202895	0.0150237988298	0.925552348139  	0.0488671565768 	0.00361528442512
0.0896277493176 	0.0231829108159	0.00591329612586	0.0107046807327 	0.870571363008  
0.28289558233   	0.592271395527 	0.0218279308281 	0.0665379374978 	0.0364671538166 
0.00643361865379	0.0140688059472	0.929235065169  	0.0469321749318 	0.00333033529801
0.29537986293   	0.0573914577562	0.0127347828145 	0.0241944513199 	0.610299445179  
0.0632637017116 	0.861568269989 	0.013094382473  	0.049671599527  	0.0124020462995 
0.0061008735403 	0.0135101667501	0.930750523071  	0.0465037918792 	0.00313464475917
0.128924848814  	0.0312069058127	0.00769179964011	0.0140927605089 	0.818083685224  
0.108341866895  	0.800999603138 	0.0160881662808 	0.0559133404968 	0.0186570231897 
0.00602347117719	0.0134551641525	0.930093346675  	0.0473489089827 	0.00307910901283
0.115928915681  	0.0286706642601	0.00714513448369	0.0130403796158 	0.83521490596   
0.0834532486639 	0.834569489929 	0.0144596862439 	0.0522329082074 	0.0152846669557 
0.00643095732553	0.0140676607887	0.929210312798  	0.0469628955549 	0.00332817353331
0.0423538693559 	0.0144575348946	0.00434256317372	0.00740721158169	0.931438820994  
0.0505762384674 	0.797737697935 	0.0228511535949 	0.115991462117  	0.0128434478862 
0.00645072142903	0.0141028393069	0.929091920362  	0.0470149324688 	0.00333958643284
0.0782437217914 	0.0208516272223	0.00540691025848	0.00973000670408	0.885767734024  
0.0592206980991 	0.616621374629 	0.0413021598932 	0.265938963576  	0.0169168038025 
0.00601289681818	0.0134518012887	0.929943593068  	0.0475207164092 	0.00307099241628
0.390017882904  	0.0674477023943	0.014230300215  	0.0274975725641 	0.500806541923  
0.0523335495036 	0.381818667696 	0.0560496741829 	0.493284747837  	0.0165133607804 
0.00686505223857	0.0158228043929	0.913409702133  	0.060455890569  	0.00344655066633
0.801036292261  	0.0618100450051	0.00970408886414	0.0206071846628 	0.106842389207  
0.2683464448    	0.608328039925 	0.0216205796072 	0.0663990514773 	0.0353058841904 
0.0137212367839 	0.0565763864528	0.044273582623  	0.880185552137  	0.0052432420033 
0.00601374018538	0.0134909659053	0.929424238292  	0.0480043466206 	0.00306670899675
0.112766792136  	0.0280986542125	0.00702987486088	0.0128122758636 	0.839292402927  
0.0562945482933 	0.714533922591 	0.0319291349813 	0.182003604172  	0.015238789962  
0.86407354182   	0.0754602529261	0.00765453639728	0.0184102927779 	0.034401376079  
0.00607465116694	0.0134535604669	0.931023259352  	0.046327456992  	0.00312107202174
0.354387421733  	0.0642440171343	0.0138259944525 	0.0265392461314 	0.541003320548  
0.0425112340243 	0.265163534811 	0.0574268077433 	0.620829901886  	0.014068521536  
0.853257373793  	0.0829620262465	0.00822877275324	0.0199111482698 	0.0356406789376 
0.00600637428849	0.0133795519206	0.930783473641  	0.0467550661855 	0.00307553396483
0.897539214966  	0.0476111934704	0.00580954561441	0.0132832378096 	0.0357568081395 
0.015489215142  	0.0671894572232	0.0435774152683 	0.867938367068  	0.0058055452983 
0.323397142638  	0.0607622594715	0.0132829184895 	0.0253631901854 	0.577194489215  
0.00600962655252	0.0133810992394	0.930821429043  	0.0467098840972 	0.00307796106805
0.561849163638  	0.31812706378  	0.0193674090865 	0.0528649667746 	0.0477913967211 
0.0131641585068 	0.0525119716538	0.0467420125895 	0.882485609544  	0.00509624770587
0.780027093289  	0.064676314665 	0.0103955732275 	0.0219198638514 	0.122981154967  
0.685407023101  	0.212350582626 	0.0155466171969 	0.0406230056141 	0.0460727714616 
0.0584948307924 	0.516155934701 	0.0491593965022 	0.358707763856  	0.0174820741486 
0.840537126825  	0.0557678124863	0.00824920732537	0.0178384892334 	0.07760736413   
0.698660972975  	0.201529636461 	0.0150536919453 	0.0391436260866 	0.0456120725326 
0.0224018434338 	0.0684594872551	0.233483606863  	0.665931531013  	0.00972353143553
0.866337412212  	0.0512980026924	0.0071937857033 	0.0158052137793 	0.0593655856126 
0.179038053107  	0.711341010646 	0.0194565379773 	0.0631464471555 	0.0270179511142 
0.0216812677627 	0.0672651953191	0.208267231264  	0.693441018531  	0.00934528712298
0.893827142319  	0.0491980040433	0.00602003191499	0.0137571913042 	0.0371976304184 
0.0308450377931 	0.166539688167 	0.0535420256427 	0.738378134638  	0.0106951137591 
0.00671621664443	0.0146045305796	0.927144154015  	0.0480470173633 	0.00348808139808
0.016660380445  	0.0566983670089	0.103538116782  	0.816214812914  	0.00688832284996
0.00741227791587	0.0172565864639	0.903872162709  	0.0677588433181 	0.00370012959295
0.0145575483031 	0.0520148668711	0.0746172499804 	0.852915662314  	0.00589467253147
0.00617053819349	0.0136116635375	0.930632976714  	0.046407230438  	0.00317759111685
0.0221732806424 	0.0599476426929	0.535273335492  	0.372389669818  	0.010216071354  
0.00626963039781	0.0142470552129	0.923895560101  	0.0524144798165 	0.00317327447173
0.0662646080343 	0.0180497949943	0.00473554699586	0.00848676245939	0.902463287516  
0.0236876143391 	0.0697587234063	0.307010652576  	0.589080591611  	0.010462418068  
0.0573061220283 	0.0160851201891	0.00429266849479	0.00764582009126	0.914670269197  
0.00902453571737	0.0190447698931	0.90885139394   	0.0583069918156 	0.00477230863432
0.0178090780567 	0.0458060045199	0.686593024932  	0.241372081994  	0.00841981049747
0.0491468880548 	0.818372138787 	0.0204542486359 	0.0998314513139 	0.0121952732086 
0.325492818115  	0.0609611129542	0.0133059669055 	0.025421359778  	0.574818742248  
0.00898081274296	0.018960037242 	0.909206620562  	0.0581044076392 	0.00474812181335
0.0134359540043 	0.0503110996424	0.0582199345868 	0.872697358845  	0.00533565292198
0.018656568095  	0.0859159894453	0.0453181714136 	0.843270897839  	0.00683837320672
0.159685606647  	0.0369257838557	0.00889538407673	0.0164286705137 	0.778064554907  
0.0100554442496 	0.024129601672 	0.857815845557  	0.103063364207  	0.00493574431422
0.0243808829159 	0.121240325305 	0.0497229323188 	0.795960027083  	0.0086958323774 
0.82679230142   	0.0580023393525	0.00877743148057	0.0188507863742 	0.0875771413732 
0.0273798119894 	0.141415852315 	0.0516843308207 	0.769882108274  	0.00963789660081
0.0494008825144 	0.873248830694 	0.0131033857386 	0.0536426090054 	0.0106042920474 
0.886352132467  	0.0566056334451	0.0064898881387 	0.0151079022852 	0.0354444436642 
0.0113188603617 	0.027500295775 	0.833886114351  	0.121776638034  	0.00551809147756
0.0455778495994 	0.86153088511  	0.0151289026158 	0.0672274625934 	0.0105349000817 
0.462771062324  	0.0726090194396	0.0147106666419 	0.0288137935592 	0.421095458036  
0.0372968896752 	0.217580038791 	0.0562930581525 	0.676224842298  	0.012605171083  
0.863427345493  	0.0517396530254	0.00731411582955	0.0160310735972 	0.0614878120547 
0.665140275797  	0.229055237181 	0.0162725776258 	0.0428315631422 	0.0467003462547 
0.602589936334  	0.0758994939335	0.0141498322384 	0.0284744751108 	0.278886262384  
0.832202140155  	0.0570073063359	0.00856167713652	0.0184287832427 	0.0838000931299 
0.616240041901  	0.270208210548 	0.017888912565  	0.047893767423  	0.0477690675627 
0.749813646936  	0.0680330528155	0.0112904565802 	0.0235724113796 	0.147290432288  
0.701745814071  	0.0720876735979	0.0124946508376 	0.0257338090918 	0.187938052401  
0.0547543782713 	0.0153881104816	0.00410818109612	0.00731670893386	0.918432621217  
0.808808478292  	0.0606566113567	0.00942320552368	0.0200760850936 	0.101035619734  
0.754952671829  	0.0685731884269	0.0112728445756 	0.023614235012  	0.141587060156  
0.894113627313  	0.0472614417472	0.00596271183069	0.0135060533713 	0.0391561657382 
0.872596984677  	0.0673738754775	0.00725485013074	0.0171842304304 	0.0355900592849 
0.893527095808  	0.0479913129231	0.00600881900733	0.013641492468  	0.0388312797938 
0.890766597604  	0.0523931692399	0.00622343371543	0.0143443335895 	0.0362724658512 
0.871707692789  	0.0689000790949	0.00728137701752	0.0173291834529 	0.0347816676458 
0.878881011905  	0.0496754690291	0.00667626806014	0.0148539582246 	0.0499132927817 
0.74881683389   	0.161061656871 	0.0130966210229 	0.0333622567704 	0.0436626314457 
0.720585480478  	0.0711952537197	0.0121195185126 	0.0251086671718 	0.170991080117  
0.553491266879  	0.0763261607009	0.0146617169326 	0.0292284402954 	0.326292415192  
0.885781522277  	0.0584055292192	0.00651424949413	0.0152765099606 	0.0340221890493 
0.828967288968  	0.0997328427284	0.0094842757619 	0.0232204684936 	0.0385951240478 
0.862789780765  	0.0520253092341	0.00735214543277	0.0161170924314 	0.0617156721369 
0.886294771318  	0.0510773370801	0.00642516662038	0.0145745543877 	0.0416281705941 
0.893021764188  	0.0495650107845	0.00606776890982	0.0138656137783 	0.0374798423394 
0.839331568064  	0.0918053955486	0.00898654399973	0.0218390935855 	0.0380373988025 
0.0146455174528 	0.0522237443806	0.0756094620501 	0.851586031862  	0.00593524425489
0.798072549949  	0.123164364629 	0.0109284106008 	0.0272341880536 	0.0406004867683 
0.13029463275   	0.771290516687 	0.0175007630492 	0.0593348858943 	0.0215792016195 
0.191678005901  	0.693406298631 	0.0204001976803 	0.0656355513342 	0.0288799464541 
0.0130634624609 	0.0514686182836	0.0481389445493 	0.882247248919  	0.00508172578694
0.749839513862  	0.0682787292406	0.011318473486  	0.0236421638449 	0.146921119567  
0.845587203972  	0.0883778724898	0.00861444015254	0.0209455988348 	0.0364748845509 
0.0211984912171 	0.0663895632883	0.193790309425  	0.709524512015  	0.00909712405536
0.285636768464  	0.0561602151157	0.0125252665999 	0.0237558069436 	0.621921942877  
0.64971367404   	0.241589697275 	0.0168352305616 	0.0445350179617 	0.0473263801618 
0.023692979309  	0.0663095897572	0.434413507378  	0.464855642324  	0.0107282812326 
0.688252062703  	0.0730409569203	0.0127923710075 	0.0262629610632 	0.199651648306  
0.719844264823  	0.183889444043 	0.0142861837723 	0.0368115221229 	0.0451685852388 
0.0193250803874 	0.0503795021756	0.644251988448  	0.276971185385  	0.00907224360374
0.0314999466582 	0.17146579192  	0.0538578652635 	0.732285575312  	0.0108908208464 
0.0525392636063 	0.775030545578 	0.0254271306996 	0.133388330063  	0.0136147300529 
0.835084607066  	0.0566034294647	0.0084545797996 	0.0182292405877 	0.0816281430815 
0.727524677348  	0.0700374990297	0.0118783017653 	0.0246307255099 	0.165928796347  
0.0172266390469 	0.0774064677712	0.0443794990757 	0.854616836802  	0.00637055730389
0.0463643812294 	0.845330790071 	0.0172051785329 	0.0800023231731 	0.0110973269936 
0.879531631648  	0.0636502683791	0.0068482785112 	0.0162162976484 	0.0337535238137 
0.889570570607  	0.0470532186002	0.00614954549959	0.0137887613154 	0.0434379039776 
0.0236868976282 	0.0699018945838	0.301578123994  	0.594380359326  	0.0104527244673 
0.896126703785  	0.0469901278477	0.00586360489605	0.0133223268415 	0.0376972366301 
0.0146893123445 	0.052385518943 	0.0758232386596 	0.851150739384  	0.00595119066898
0.867690962229  	0.0505555012226	0.00710954536989	0.015603675427  	0.0590403157512 
0.0565158493829 	0.456092094525 	0.0528901585051 	0.417184078211  	0.0173178193755 
0.883579985967  	0.0478681193367	0.00641608085645	0.0142818304692 	0.047853983371  
0.0480174335156 	0.82759333001  	0.0193654045963 	0.0932372926041 	0.0117865392744 
0.888515212777  	0.0573510387911	0.00635098553336	0.0149178302255 	0.0328649326725 
0.890552719009  	0.047574305561 	0.00613498391875	0.0138088366203 	0.0419291548907 
0.513853742673  	0.361562383848 	0.0204662350019 	0.0568078554276 	0.047309783049  
0.879059822962  	0.0485022956514	0.00661467010746	0.014648580395  	0.0511746308843 
0.839507358338  	0.0556275058497	0.00827037685085	0.0178539055209 	0.0787408534408 
0.326676192145  	0.0611299362713	0.0133331289815 	0.0254803187629 	0.573380423839  
0.131881398459  	0.770296664645 	0.017393601032  	0.0588147712563 	0.0216135646081 
0.884547550841  	0.060410455457 	0.0065702621479 	0.0155089640205 	0.0329627675332 
0.875248047982  	0.0671955105644	0.00706888895458	0.0168384006866 	0.0336491518122 
0.189734070821  	0.0421134327704	0.00993822062694	0.0184876480787 	0.739726627703  
0.0741544580423 	0.847186500848 	0.0138139394827 	0.0508742841087 	0.0139708175184 
0.814384828527  	0.0597351763574	0.00922164844774	0.0196826849592 	0.0969756617091 
0.885956823184  	0.0594665204074	0.00649081246167	0.0153056462649 	0.0327801976825 
0.752886084695  	0.0676586586464	0.0111996962915 	0.0234004786712 	0.144855081696  
0.0772391852558 	0.843018874179 	0.0140270424106 	0.0513053742045 	0.0144095239499 
0.865322684796  	0.0511512723966	0.00721798028201	0.0158271438895 	0.0604809186361 
0.217964814972  	0.665367759341 	0.0206207098011 	0.0651637078112 	0.0308830080756 
0.891516010988  	0.0547178801083	0.0061858392225 	0.0144484141746 	0.0331318555069 
0.0481945923288 	0.824011204904 	0.0197868498091 	0.0961140502944 	0.0118933026641 
0.300944680593  	0.572645425718 	0.0220305950209 	0.0665535706424 	0.0378257280258 
0.750238109229  	0.160513694148 	0.0129861736002 	0.0331082123219 	0.0431538107009 
0.879919473388  	0.0637428904897	0.00682167657158	0.0161743437236 	0.0333416158268 
0.0479623884428 	0.876280053025 	0.0128122342371 	0.0526444263267 	0.0103008979688 
0.867201178749  	0.0730740583521	0.0075030584173 	0.0179869494873 	0.0342347549947 
0.581875085133  	0.300446818662 	0.0188374134852 	0.0510631178875 	0.047777564832  
0.24774126295   	0.630594713697 	0.0214118814563 	0.0664862659398 	0.0337658759563 
0.0576307966289 	0.487065230045 	0.0510363739529 	0.386837787087  	0.0174298122867 
0.0541308120646 	0.872355430507 	0.0126502887331 	0.0497688080783 	0.0110946606167 
0.792803161778  	0.126739597573 	0.0112368108068 	0.028006965687  	0.0412134641549 
0.809937227283  	0.113706381796 	0.0104098438564 	0.0257431982988 	0.0402033487664 
0.0585608531213 	0.51892007906  	0.0489754617307 	0.356066342388  	0.0174772637    
0.861544390771  	0.0768333131004	0.0077992824305 	0.018760149868  	0.0350628638298 
0.5952846852    	0.288613062057 	0.0184721919429 	0.0498377228524 	0.0477923379475 
0.870942224445  	0.0509892252845	0.00702385569715	0.0155157816735 	0.0555289128994 
0.0534523410454 	0.761446559384 	0.026929003189  	0.144170069541  	0.0140020268409 
0.455208150607  	0.416712365225 	0.0214531424557 	0.0608231654588 	0.0458031762536 
0.735754613514  	0.171788283405 	0.013594799512  	0.0348544678112 	0.0440078357576 
0.883289488778  	0.0515315269628	0.00657186115043	0.0148507651467 	0.0437563579625 
0.0593203123817 	0.606195007987 	0.0422114290754 	0.275244655109  	0.0170285954464 
0.486520916926  	0.386932249385 	0.0209833488926 	0.0588117711985 	0.0467517135973 
0.028565725707  	0.1481340001   	0.0530085181427 	0.760254910616  	0.0100368454341 
0.013834714896  	0.0508538523791	0.0638384713951 	0.865937251279  	0.00553571005055
0.726838532578  	0.178903135033 	0.0139538395512 	0.0359020394025 	0.0444024534349 
0.77833715959   	0.134913043474 	0.0120901392294 	0.030114251278  	0.0445454064287 
0.0476375422141 	0.319745358617 	0.0574504423333 	0.559756062743  	0.0154105940929 
0.85511860437   	0.0815642187745	0.00812721310538	0.0196449421955 	0.0355450215548 
0.0580554195547 	0.723823888474 	0.0313120621362 	0.171226740747  	0.0155818890884 
0.0454006439801 	0.866828582259 	0.0144172638244 	0.0630100498525 	0.0103434600839 
0.575650746399  	0.303299061791 	0.019373709352  	0.0524272401369 	0.0492492423209 
0.0137580953319 	0.050455080886 	0.0642053698727 	0.866071402431  	0.00551005147886
0.228029549845  	0.0481569604399	0.0110997450486 	0.0208164554632 	0.691897289203  
0.0504372002671 	0.823548098242 	0.0198371791534 	0.0938361172534 	0.0123414050845 
0.0588392317599 	0.529888435217 	0.0482277463055 	0.345560169051  	0.0174844176658 
0.0766747212129 	0.841930571352 	0.01430730995   	0.0525894252474 	0.0144979722375 
0.142516980485  	0.0337841540806	0.00823918684146	0.0151518691891 	0.800307809404  
0.0228898351785 	0.0691292495433	0.25514232817   	0.642848860386  	0.009989726722  
0.0524630382432 	0.383831463829 	0.0559763648745 	0.491187475938  	0.0165416571147 
0.0477355057094 	0.863013219381 	0.0147669761457 	0.0636753452943 	0.0108089534701 
0.364702981638  	0.504997286952 	0.02237868589   	0.065679028225  	0.0422420172946 
0.100330978206  	0.0255615654636	0.00647037893049	0.0117438344278 	0.855893242973  
0.0204303926649 	0.0539707372555	0.605963360147  	0.310110858611  	0.00952465132094
0.0560237616759 	0.440313051673 	0.053883121527  	0.432493649934  	0.0172864151903 
0.0333043538897 	0.185002465213 	0.0547722907546 	0.715480225202  	0.0114406649408 
0.797487298498  	0.123948495802 	0.0109304541668 	0.0272748114191 	0.0403589401144 
0.836293598041  	0.0561769115098	0.00839340921215	0.0180932214789 	0.081042859758  
0.0235087292818 	0.0653684957258	0.452693722946  	0.447750663003  	0.0106783890433 
0.0892334062909 	0.825506740222 	0.015068207307  	0.053977479579  	0.0162141666007 
0.0593658760464 	0.571324352602 	0.0451077516021 	0.306879202247  	0.017322817503  
0.791414257837  	0.128236384577 	0.0112308236312 	0.0280798792169 	0.0410386547379 
0.896117962258  	0.0474384169398	0.0058735917869 	0.0133749497068 	0.037195079309  
0.0198581486657 	0.0521175020949	0.625655699078  	0.293079551437  	0.00928909872366
0.0153619863788 	0.0663695163002	0.0436670010225 	0.868836763368  	0.00576473293002
0.887960710593  	0.0549553201659	0.0063945856354 	0.0148247999936 	0.0358645836122 
0.876610115659  	0.0658494472484	0.00700624294183	0.0166402915813 	0.0338939025698 
0.0149075922373 	0.0373658115858	0.758939656743  	0.181642054276  	0.00714488515794
0.0159509851262 	0.0552135550495	0.0922898222455 	0.830000926045  	0.00654471153344
0.891240266245  	0.0498626635386	0.00615925503733	0.0140401100645 	0.0386977051145 
0.72367808774   	0.180766223598 	0.0141432433126 	0.0363800837159 	0.0450323616337 
0.00623603066814	0.0141499506527	0.924587664691  	0.0518675394519 	0.00315881453637
0.0161547283259 	0.055611598597 	0.0956701335671 	0.825918720252  	0.00664481925792
0.867541222936  	0.0524334839265	0.00722226752572	0.0159576370485 	0.0568453885629 
0.878370022776  	0.0646929862189	0.00690889744903	0.0163915540192 	0.0336365395368 
0.0136573887538 	0.050413325911 	0.0622398119186 	0.868234951106  	0.00545452231084
0.338498887375  	0.06275839992  	0.0136004051212 	0.0260526876977 	0.559089619886  
0.887887031542  	0.0567040545151	0.00639665730688	0.0149534371315 	0.0340588195046 
0.0131584137282 	0.050454755874 	0.0527748370824 	0.878438427618  	0.00517356569706
0.487956410615  	0.0749790750286	0.0149707914668 	0.0294765635142 	0.392617159375  
0.810424599686  	0.114350922739 	0.0103220097083 	0.0256011291611 	0.0393013387062 
0.0173306420135 	0.0582777737601	0.113173960043  	0.804014868847  	0.00720275533707
0.556468587984  	0.0763770138856	0.0146421781533 	0.0292087073468 	0.32330351263   
0.877774084661  	0.0650447548334	0.00694174189172	0.0164729389892 	0.0337664796244 
0.0130522423616 	0.0507407243691	0.0501475095722 	0.880955686549  	0.00510383714784
0.275195744364  	0.0548011300334	0.0122930403629 	0.0232690815707 	0.634441003669  
0.860081313562  	0.0775030052884	0.0078874664481 	0.0189624263245 	0.0355657883773 
0.0180445337869 	0.0598559443887	0.125064186915  	0.789490341669  	0.00754499323957
0.100984236567  	0.0255856169794	0.00645716568029	0.0117325325512 	0.855240448222  
0.254936703593  	0.622401208367 	0.0215602434314 	0.0666785097074 	0.0344233349017 
0.0223852486104 	0.0684486595837	0.23240668081   	0.667045542141  	0.00971386885531
0.429744795439  	0.0706362822951	0.014568405705  	0.0283693874508 	0.45668112911   
0.0640413733422 	0.859102760456 	0.0133856641474 	0.0508423994545 	0.0126278025998 
0.0146405184643 	0.0521895362512	0.075700447013  	0.851535329242  	0.00593416902934
0.56902902963   	0.0761626833265	0.0144950645133 	0.0289794233179 	0.311333799212  
0.731963960502  	0.173383823887 	0.0138859175721 	0.0355341113747 	0.0452321866635 
0.0132724060188 	0.0512894933482	0.0517214862057 	0.87851313278   	0.00520348164769
0.704838655503  	0.0720976398469	0.0124533814043 	0.0256794306289 	0.184930892617  
0.103104474709  	0.806133005913 	0.016096487385  	0.0564738759361 	0.0181921560571 
0.0135065948506 	0.0502381619545	0.0599052905329 	0.870971483372  	0.00537846928978
0.724310006846  	0.179478330576 	0.0141958303502 	0.0364398175656 	0.045576014662  
0.892910029884  	0.0480532379382	0.00603799415853	0.0136943217652 	0.0393044162544 
0.0185698163939 	0.0848254208994	0.0457408162248 	0.844036720147  	0.00682722633499
0.811779597577  	0.113536359522 	0.0102448837162 	0.0254095237097 	0.0390296354755 
0.858924718902  	0.0525453224976	0.00750241518052	0.0163953718542 	0.0646321715658 
0.0137183833585 	0.0563176703043	0.0447478385089 	0.879964878215  	0.00525122961294
0.896069761376  	0.0498668961932	0.0059139171954 	0.0136316415806 	0.0345177836544 
0.643073453949  	0.0750808056244	0.0136085578893 	0.0276348735724 	0.240602308965  
0.0155262132791 	0.0541868741273	0.0869647865481 	0.83697120541   	0.00635092063522
0.0590125208251 	0.522178543204 	0.0489508208368 	0.352254162397  	0.0176039527366 
0.501789809309  	0.372216425289 	0.0207781308327 	0.0578910481054 	0.0473245864643 
0.768873559296  	0.0660281427951	0.0107430203491 	0.0225679832169 	0.131787294342  
0.0233614740797 	0.0646872640086	0.464728205785  	0.436588119884  	0.0106349362424 
0.0135273664474 	0.0515518547771	0.0549302464478 	0.874657318244  	0.00533321408344
0.188568426933  	0.699366515536 	0.0198779784735 	0.0640755263944 	0.0281115526628 
0.652116061169  	0.0747685281472	0.0134628672684 	0.0273965926266 	0.232255950789  
0.0135029486082 	0.0334472080982	0.789676356993  	0.156860370405  	0.00651311589521
0.162668504559  	0.731028832032 	0.01889253933   	0.0621231083414 	0.0252870157378 
0.574737609875  	0.0759917870813	0.01442086274   	0.0288544775062 	0.305995262797  
0.0118597492864 	0.0289590818694	0.823262838281  	0.130152839076  	0.00576549148771
0.0930157876674 	0.821414524019 	0.0151384674146 	0.0538031743321 	0.0166280465669 
0.650888967929  	0.0748334637217	0.0134986301893 	0.0274511077837 	0.233327830376  
0.0139071019671 	0.0345699900193	0.780962285107  	0.163865058544  	0.00669556436191
0.045447247975  	0.868101798708 	0.0142376149816 	0.0619064140294 	0.0103069243062 
0.561288984482  	0.0760552683291	0.0145659010397 	0.0290564647022 	0.319033381447  
0.005998588479  	0.0134114017591	0.930214509989  	0.0473106624238 	0.00306483734872
0.058845790478  	0.641876756371 	0.0390373688929 	0.243641633455  	0.0165984508031 
0.601745468396  	0.0761547912599	0.0142156106973 	0.0285936840161 	0.279290445631  
0.00602882712179	0.0134023297083	0.930885451284  	0.0465928952896 	0.00309049659585
0.0589690507379 	0.635272135713 	0.039639535361  	0.249429092647  	0.0166901855413 
0.829049113207  	0.0574235665516	0.008679633111  	0.0186440983629 	0.0862035887676 
0.0185147740809 	0.0479392731087	0.666835594482  	0.257988182086  	0.00872217624262
0.0546976427821 	0.743815699861 	0.0288496025283 	0.158117523081  	0.0145195317476 
0.897674458059  	0.0482001106907	0.00581466727197	0.0133366805131 	0.0349740834656 
0.01242399451   	0.0304874429286	0.812046002457  	0.139019368721  	0.00602319138319
0.0479151540428 	0.828896249394 	0.0192014189639 	0.0922401482334 	0.011747029366  
0.475074281074  	0.397781581321 	0.0211655133377 	0.059568841022  	0.0464097832448 
0.0490002640897 	0.815672928173 	0.0207699355414 	0.102343356518  	0.0122135156783 
0.0578183298217 	0.68477717685  	0.034986180591  	0.206482045516  	0.0159362672213 
0.72115080778   	0.18349771225  	0.0141776446589 	0.0365592321289 	0.0446146031829 
0.015784622316  	0.0548145926698	0.0900495139473 	0.832880990493  	0.00647028057392
0.0278128685251 	0.144866294153 	0.0517691329851 	0.765789138198  	0.00976256613783
0.0524954848629 	0.873112115544 	0.0127470506603 	0.0507267115005 	0.0109186374321 
0.146319343732  	0.751837812458 	0.018110690088  	0.0603869443586 	0.0233452093637 
0.0161427259762 	0.0555878189413	0.0953522780184 	0.826276525036  	0.00664065202827
0.0593633760273 	0.576874095906 	0.0446459490918 	0.301838832025  	0.0172777469496 
0.124247875784  	0.780151150605 	0.0169927983787 	0.0579324985108 	0.0206756767216 
0.0715501928952 	0.0192923019427	0.00503354828603	0.00903847115435	0.895085485722  
0.0133338925983 	0.0500969576232	0.0571553608583 	0.874126338931  	0.00528744998945
0.0328339816157 	0.181633182366 	0.0544953440516 	0.719744619137  	0.01129287283   
0.0676664800901 	0.855948693963 	0.0133594701385 	0.0499964755827 	0.0130288802256 
0.590052087424  	0.291777616498 	0.0188429595691 	0.0507896055859 	0.0485377309232 
0.089333615978  	0.0361069713717	0.0121942373954 	0.0198954094823 	0.842469765773  
0.015984076792  	0.0700888051078	0.0437480114988 	0.86421336142   	0.00596574518152
0.0601071843392 	0.86562563894  	0.0128942968716 	0.0494297972347 	0.0119430826144 
0.676275339422  	0.219356703045 	0.0159279248693 	0.0417218638666 	0.0467181687978 
0.043201335394  	0.0127417820841	0.00349788370363	0.0061670726079 	0.93439192621   
0.0153006422231 	0.0660607107133	0.0435659400674 	0.86932840386   	0.00574430313632
0.268744328471  	0.607940066016 	0.0216201048826 	0.0663791731158 	0.0353163275138 
0.598302530805  	0.0762261096734	0.0142365953607 	0.0286367909472 	0.282597973214  
0.0132168247662 	0.0498435051627	0.0560221575775 	0.875684408859  	0.0052331036345 
0.228490532445  	0.653257413726 	0.0208704860568 	0.0655284419001 	0.0318531258719 
